9	3531	0.00
9	3519	0.00
9	3508	0.00
9	3505	0.00
9	3482	0.00
9	3468	0.00
9	3450	0.00
9	3441	0.00
9	3421	0.00
9	3418	0.00
9	3411	0.00
9	3390	0.00
9	3378	0.00
9	3374	0.00
9	3372	0.00
9	3371	0.00
9	3367	0.00
9	3365	0.00
9	3361	0.00
9	3357	0.00
9	3356	0.00
9	3355	0.00
9	3354	0.00
9	3351	0.00
9	3349	0.01
9	3348	0.01
9	3347	0.01
9	3346	0.01
9	3345	0.01
9	3343	0.01
9	3341	0.01
9	3339	0.01
9	3335	0.01
9	3334	0.01
9	3332	0.01
9	3331	0.01
9	3329	0.01
9	3326	0.01
9	3325	0.01
9	3324	0.01
9	3322	0.01
9	3316	0.01
9	3314	0.01
9	3313	0.01
9	3311	0.01
9	3309	0.01
9	3307	0.01
9	3306	0.01
9	3305	0.01
9	3304	0.01
9	3303	0.01
9	3300	0.01
9	3298	0.01
9	3297	0.01
9	3296	0.01
9	3295	0.01
9	3293	0.01
9	3289	0.01
9	3288	0.01
9	3285	0.01
9	3284	0.01
9	3283	0.01
9	3282	0.01
9	3280	0.01
9	3278	0.01
9	3276	0.01
9	3274	0.02
9	3272	0.02
9	3271	0.02
9	3269	0.02
9	3268	0.02
9	3267	0.02
9	3264	0.02
9	3261	0.02
9	3256	0.02
9	3255	0.02
9	3254	0.02
9	3251	0.02
9	3246	0.02
9	3245	0.02
9	3244	0.02
9	3242	0.02
9	3241	0.02
9	3240	0.02
9	3239	0.02
9	3238	0.02
9	3235	0.02
9	3234	0.02
9	3233	0.02
9	3232	0.02
9	3230	0.02
9	3228	0.02
9	3224	0.02
9	3223	0.02
9	3219	0.02
9	3216	0.02
9	3215	0.02
9	3214	0.02
9	3211	0.02
9	3209	0.02
9	3204	0.02
9	3203	0.02
9	3202	0.02
9	3201	0.02
9	3200	0.02
9	3199	0.02
9	3198	0.02
9	3196	0.02
9	3195	0.03
9	3194	0.03
9	3193	0.03
9	3192	0.03
9	3190	0.03
9	3188	0.03
9	3183	0.03
9	3181	0.03
9	3179	0.03
9	3175	0.03
9	3174	0.03
9	3170	0.03
9	3169	0.03
9	3164	0.03
9	3163	0.03
9	3161	0.03
9	3156	0.03
9	3153	0.03
9	3150	0.03
9	3147	0.03
9	3146	0.03
9	3145	0.03
9	3144	0.03
9	3143	0.03
9	3142	0.03
9	3139	0.03
9	3137	0.03
9	3135	0.03
9	3133	0.03
9	3130	0.03
9	3126	0.03
9	3124	0.03
9	3120	0.03
9	3119	0.03
9	3117	0.03
9	3114	0.03
9	3112	0.03
9	3109	0.03
9	3107	0.03
9	3105	0.03
9	3104	0.03
9	3101	0.03
9	3100	0.04
9	3097	0.04
9	3096	0.04
9	3094	0.04
9	3093	0.04
9	3092	0.04
9	3090	0.04
9	3089	0.04
9	3087	0.04
9	3086	0.04
9	3085	0.04
9	3083	0.04
9	3082	0.04
9	3081	0.04
9	3079	0.04
9	3077	0.04
9	3076	0.04
9	3074	0.04
9	3073	0.04
9	3070	0.04
9	3069	0.04
9	3068	0.04
9	3067	0.04
9	3064	0.04
9	3062	0.04
9	3060	0.04
9	3059	0.04
9	3055	0.04
9	3051	0.04
9	3047	0.04
9	3045	0.04
9	3044	0.04
9	3042	0.04
9	3041	0.04
9	3040	0.04
9	3038	0.04
9	3037	0.04
9	3036	0.04
9	3035	0.04
9	3034	0.04
9	3033	0.04
9	3032	0.04
9	3025	0.04
9	3022	0.04
9	3021	0.05
9	3019	0.05
9	3018	0.05
9	3014	0.05
9	3011	0.05
9	3010	0.05
9	3007	0.05
9	3004	0.05
9	3001	0.05
9	3000	0.05
9	2999	0.05
9	2998	0.05
9	2997	0.05
9	2993	0.05
9	2990	0.05
9	2988	0.05
9	2986	0.05
9	2985	0.05
9	2984	0.05
9	2981	0.05
9	2980	0.05
9	2975	0.05
9	2974	0.05
9	2973	0.05
9	2972	0.05
9	2970	0.05
9	2965	0.05
9	2964	0.05
9	2963	0.05
9	2961	0.05
9	2960	0.05
9	2958	0.05
9	2957	0.05
9	2955	0.05
9	2954	0.05
9	2953	0.05
9	2952	0.05
9	2951	0.05
9	2950	0.05
9	2948	0.06
9	2946	0.06
9	2945	0.06
9	2944	0.06
9	2943	0.06
9	2941	0.06
9	2940	0.06
9	2939	0.06
9	2938	0.06
9	2936	0.06
9	2933	0.06
9	2931	0.06
9	2928	0.06
9	2922	0.06
9	2921	0.06
9	2913	0.06
9	2910	0.06
9	2909	0.06
9	2907	0.06
9	2903	0.06
9	2901	0.06
9	2900	0.06
9	2896	0.06
9	2893	0.06
9	2889	0.06
9	2888	0.06
9	2885	0.06
9	2884	0.06
9	2882	0.06
9	2880	0.06
9	2877	0.06
9	2875	0.06
9	2873	0.06
9	2872	0.06
9	2869	0.06
9	2868	0.06
9	2867	0.06
9	2864	0.06
9	2863	0.06
9	2862	0.06
9	2861	0.06
9	2860	0.06
9	2859	0.06
9	2858	0.06
9	2857	0.06
9	2856	0.07
9	2855	0.07
9	2852	0.07
9	2851	0.07
9	2850	0.07
9	2849	0.07
9	2847	0.07
9	2846	0.07
9	2843	0.07
9	2841	0.07
9	2838	0.07
9	2837	0.07
9	2836	0.07
9	2835	0.07
9	2834	0.07
9	2833	0.07
9	2832	0.07
9	2830	0.07
9	2829	0.07
9	2828	0.07
9	2827	0.07
9	2826	0.07
9	2824	0.07
9	2823	0.07
9	2822	0.07
9	2820	0.07
9	2819	0.07
9	2818	0.07
9	2817	0.07
9	2816	0.07
9	2813	0.07
9	2812	0.07
9	2811	0.07
9	2810	0.07
9	2809	0.07
9	2808	0.07
9	2807	0.07
9	2806	0.07
9	2805	0.07
9	2804	0.08
9	2803	0.08
9	2802	0.08
9	2801	0.08
9	2800	0.08
9	2799	0.08
9	2798	0.08
9	2797	0.08
9	2795	0.08
9	2794	0.08
9	2793	0.08
9	2792	0.08
9	2791	0.08
9	2790	0.08
9	2788	0.08
9	2786	0.08
9	2785	0.08
9	2784	0.08
9	2782	0.08
9	2779	0.08
9	2778	0.08
9	2775	0.08
9	2774	0.08
9	2773	0.08
9	2772	0.08
9	2771	0.08
9	2770	0.08
9	2767	0.08
9	2762	0.08
9	2760	0.08
9	2759	0.08
9	2755	0.08
9	2754	0.08
9	2751	0.08
9	2750	0.08
9	2747	0.08
9	2746	0.08
9	2745	0.09
9	2744	0.09
9	2742	0.09
9	2739	0.09
9	2738	0.09
9	2737	0.09
9	2735	0.09
9	2734	0.09
9	2733	0.09
9	2732	0.09
9	2731	0.09
9	2728	0.09
9	2726	0.09
9	2725	0.09
9	2724	0.09
9	2719	0.09
9	2718	0.09
9	2716	0.09
9	2715	0.09
9	2714	0.09
9	2713	0.09
9	2712	0.09
9	2711	0.09
9	2710	0.09
9	2709	0.09
9	2708	0.09
9	2707	0.09
9	2706	0.09
9	2705	0.09
9	2702	0.09
9	2701	0.09
9	2700	0.09
9	2699	0.09
9	2698	0.09
9	2697	0.10
9	2696	0.10
9	2693	0.10
9	2692	0.10
9	2691	0.10
9	2690	0.10
9	2689	0.10
9	2688	0.10
9	2687	0.10
9	2686	0.10
9	2684	0.10
9	2680	0.10
9	2679	0.10
9	2678	0.10
9	2677	0.10
9	2676	0.10
9	2675	0.10
9	2674	0.10
9	2673	0.10
9	2670	0.10
9	2669	0.10
9	2668	0.10
9	2667	0.10
9	2664	0.10
9	2662	0.10
9	2661	0.10
9	2659	0.10
9	2658	0.10
9	2657	0.10
9	2656	0.10
9	2655	0.10
9	2654	0.10
9	2653	0.10
9	2652	0.10
9	2651	0.10
9	2650	0.11
9	2649	0.11
9	2647	0.11
9	2646	0.11
9	2645	0.11
9	2643	0.11
9	2642	0.11
9	2640	0.11
9	2638	0.11
9	2637	0.11
9	2636	0.11
9	2635	0.11
9	2633	0.11
9	2631	0.11
9	2630	0.11
9	2629	0.11
9	2628	0.11
9	2627	0.11
9	2626	0.11
9	2625	0.11
9	2624	0.11
9	2623	0.11
9	2622	0.11
9	2621	0.11
9	2620	0.11
9	2619	0.11
9	2618	0.11
9	2617	0.11
9	2616	0.12
9	2615	0.12
9	2614	0.12
9	2613	0.12
9	2611	0.12
9	2610	0.12
9	2609	0.12
9	2608	0.12
9	2607	0.12
9	2606	0.12
9	2605	0.12
9	2604	0.12
9	2603	0.12
9	2601	0.12
9	2599	0.12
9	2598	0.12
9	2597	0.12
9	2596	0.12
9	2595	0.12
9	2594	0.12
9	2593	0.12
9	2592	0.12
9	2591	0.12
9	2590	0.12
9	2589	0.12
9	2588	0.12
9	2587	0.12
9	2586	0.12
9	2585	0.12
9	2584	0.12
9	2583	0.12
9	2582	0.13
9	2581	0.13
9	2580	0.13
9	2579	0.13
9	2578	0.13
9	2576	0.13
9	2575	0.13
9	2574	0.13
9	2573	0.13
9	2572	0.13
9	2571	0.13
9	2569	0.13
9	2567	0.13
9	2566	0.13
9	2565	0.13
9	2564	0.13
9	2563	0.13
9	2560	0.13
9	2556	0.13
9	2554	0.13
9	2553	0.13
9	2552	0.13
9	2551	0.13
9	2550	0.13
9	2549	0.13
9	2548	0.13
9	2547	0.13
9	2546	0.13
9	2544	0.13
9	2542	0.13
9	2539	0.14
9	2538	0.14
9	2536	0.14
9	2535	0.14
9	2534	0.14
9	2533	0.14
9	2532	0.14
9	2531	0.14
9	2530	0.14
9	2529	0.14
9	2525	0.14
9	2523	0.14
9	2521	0.14
9	2520	0.14
9	2518	0.14
9	2515	0.14
9	2514	0.14
9	2513	0.14
9	2512	0.14
9	2511	0.14
9	2510	0.14
9	2507	0.14
9	2506	0.14
9	2504	0.14
9	2503	0.14
9	2501	0.14
9	2499	0.14
9	2498	0.14
9	2497	0.14
9	2496	0.14
9	2495	0.14
9	2494	0.14
9	2492	0.15
9	2491	0.15
9	2490	0.15
9	2488	0.15
9	2487	0.15
9	2486	0.15
9	2485	0.15
9	2482	0.15
9	2480	0.15
9	2477	0.15
9	2476	0.15
9	2475	0.15
9	2474	0.15
9	2473	0.15
9	2472	0.15
9	2471	0.15
9	2470	0.15
9	2469	0.15
9	2468	0.15
9	2467	0.15
9	2466	0.15
9	2465	0.15
9	2464	0.15
9	2463	0.15
9	2461	0.15
9	2460	0.15
9	2459	0.15
9	2458	0.15
9	2456	0.15
9	2455	0.15
9	2454	0.15
9	2452	0.15
9	2451	0.15
9	2450	0.16
9	2448	0.16
9	2447	0.16
9	2446	0.16
9	2445	0.16
9	2444	0.16
9	2443	0.16
9	2442	0.16
9	2441	0.16
9	2440	0.16
9	2438	0.16
9	2437	0.16
9	2436	0.16
9	2435	0.16
9	2434	0.16
9	2433	0.16
9	2432	0.16
9	2431	0.16
9	2430	0.16
9	2429	0.16
9	2428	0.16
9	2427	0.16
9	2426	0.16
9	2425	0.16
9	2424	0.16
9	2423	0.16
9	2421	0.16
9	2419	0.16
9	2418	0.16
9	2417	0.16
9	2416	0.16
9	2415	0.16
9	2414	0.16
9	2413	0.16
9	2412	0.17
9	2411	0.17
9	2410	0.17
9	2409	0.17
9	2408	0.17
9	2407	0.17
9	2406	0.17
9	2405	0.17
9	2404	0.17
9	2403	0.17
9	2402	0.17
9	2401	0.17
9	2400	0.17
9	2399	0.17
9	2398	0.17
9	2397	0.17
9	2396	0.17
9	2395	0.17
9	2394	0.17
9	2393	0.17
9	2392	0.17
9	2391	0.17
9	2390	0.17
9	2388	0.17
9	2387	0.17
9	2386	0.18
9	2385	0.18
9	2384	0.18
9	2383	0.18
9	2382	0.18
9	2381	0.18
9	2380	0.18
9	2379	0.18
9	2378	0.18
9	2377	0.18
9	2376	0.18
9	2375	0.18
9	2374	0.18
9	2372	0.18
9	2371	0.18
9	2370	0.18
9	2369	0.18
9	2368	0.18
9	2367	0.18
9	2366	0.18
9	2365	0.18
9	2364	0.18
9	2363	0.18
9	2361	0.19
9	2360	0.19
9	2359	0.19
9	2358	0.19
9	2357	0.19
9	2356	0.19
9	2355	0.19
9	2354	0.19
9	2353	0.19
9	2352	0.19
9	2351	0.19
9	2350	0.19
9	2349	0.19
9	2348	0.19
9	2347	0.19
9	2346	0.19
9	2345	0.19
9	2344	0.19
9	2343	0.19
9	2342	0.19
9	2341	0.19
9	2340	0.19
9	2339	0.20
9	2337	0.20
9	2336	0.20
9	2335	0.20
9	2334	0.20
9	2333	0.20
9	2332	0.20
9	2331	0.20
9	2330	0.20
9	2328	0.20
9	2327	0.20
9	2326	0.20
9	2325	0.20
9	2324	0.20
9	2323	0.20
9	2322	0.20
9	2321	0.20
9	2320	0.21
9	2319	0.21
9	2318	0.21
9	2317	0.21
9	2316	0.21
9	2315	0.21
9	2314	0.21
9	2313	0.21
9	2312	0.21
9	2311	0.21
9	2310	0.21
9	2309	0.21
9	2308	0.21
9	2307	0.21
9	2306	0.21
9	2305	0.21
9	2304	0.21
9	2303	0.22
9	2302	0.22
9	2301	0.22
9	2300	0.22
9	2299	0.22
9	2298	0.22
9	2297	0.22
9	2296	0.22
9	2295	0.22
9	2294	0.22
9	2293	0.22
9	2292	0.22
9	2291	0.22
9	2290	0.22
9	2289	0.22
9	2288	0.22
9	2287	0.22
9	2286	0.22
9	2285	0.22
9	2284	0.23
9	2283	0.23
9	2282	0.23
9	2281	0.23
9	2280	0.23
9	2279	0.23
9	2278	0.23
9	2277	0.23
9	2276	0.23
9	2275	0.23
9	2274	0.23
9	2273	0.23
9	2272	0.23
9	2271	0.23
9	2270	0.23
9	2269	0.23
9	2268	0.23
9	2267	0.24
9	2266	0.24
9	2265	0.24
9	2264	0.24
9	2263	0.24
9	2262	0.24
9	2261	0.24
9	2260	0.24
9	2259	0.24
9	2258	0.24
9	2257	0.24
9	2256	0.24
9	2255	0.24
9	2254	0.24
9	2253	0.24
9	2252	0.24
9	2251	0.24
9	2250	0.25
9	2249	0.25
9	2248	0.25
9	2247	0.25
9	2246	0.25
9	2245	0.25
9	2244	0.25
9	2243	0.25
9	2241	0.25
9	2240	0.25
9	2239	0.25
9	2238	0.25
9	2237	0.25
9	2236	0.25
9	2235	0.25
9	2234	0.25
9	2233	0.25
9	2232	0.25
9	2231	0.25
9	2230	0.25
9	2229	0.25
9	2228	0.26
9	2227	0.26
9	2226	0.26
9	2225	0.26
9	2224	0.26
9	2223	0.26
9	2222	0.26
9	2221	0.26
9	2220	0.26
9	2219	0.26
9	2218	0.26
9	2217	0.26
9	2216	0.26
9	2215	0.26
9	2214	0.26
9	2213	0.26
9	2212	0.26
9	2211	0.26
9	2210	0.26
9	2209	0.26
9	2208	0.26
9	2207	0.27
9	2206	0.27
9	2205	0.27
9	2204	0.27
9	2203	0.27
9	2202	0.27
9	2201	0.27
9	2200	0.27
9	2199	0.27
9	2198	0.27
9	2197	0.27
9	2196	0.27
9	2195	0.27
9	2194	0.27
9	2193	0.27
9	2192	0.27
9	2191	0.28
9	2189	0.28
9	2188	0.28
9	2187	0.28
9	2186	0.28
9	2185	0.28
9	2184	0.28
9	2183	0.28
9	2182	0.28
9	2181	0.28
9	2180	0.28
9	2179	0.28
9	2178	0.28
9	2177	0.28
9	2176	0.28
9	2175	0.28
9	2174	0.29
9	2173	0.29
9	2172	0.29
9	2171	0.29
9	2170	0.29
9	2169	0.29
9	2168	0.29
9	2167	0.29
9	2166	0.29
9	2165	0.29
9	2164	0.29
9	2163	0.29
9	2162	0.29
9	2161	0.29
9	2160	0.29
9	2159	0.29
9	2158	0.30
9	2157	0.30
9	2156	0.30
9	2155	0.30
9	2154	0.30
9	2153	0.30
9	2152	0.30
9	2151	0.30
9	2150	0.30
9	2149	0.30
9	2148	0.30
9	2147	0.30
9	2146	0.30
9	2145	0.30
9	2144	0.30
9	2143	0.30
9	2142	0.30
9	2141	0.30
9	2140	0.31
9	2139	0.31
9	2138	0.31
9	2137	0.31
9	2136	0.31
9	2135	0.31
9	2134	0.31
9	2133	0.31
9	2132	0.31
9	2131	0.31
9	2130	0.31
9	2129	0.31
9	2128	0.31
9	2127	0.31
9	2126	0.31
9	2125	0.31
9	2124	0.31
9	2123	0.32
9	2122	0.32
9	2121	0.32
9	2120	0.32
9	2119	0.32
9	2118	0.32
9	2117	0.32
9	2115	0.32
9	2114	0.32
9	2113	0.32
9	2112	0.32
9	2111	0.32
9	2110	0.32
9	2109	0.33
9	2108	0.33
9	2107	0.33
9	2106	0.33
9	2105	0.33
9	2104	0.33
9	2103	0.33
9	2102	0.33
9	2101	0.33
9	2100	0.33
9	2099	0.33
9	2098	0.33
9	2097	0.33
9	2096	0.33
9	2095	0.33
9	2094	0.34
9	2093	0.34
9	2092	0.34
9	2091	0.34
9	2090	0.34
9	2089	0.34
9	2088	0.34
9	2087	0.34
9	2085	0.34
9	2084	0.34
9	2083	0.34
9	2082	0.34
9	2081	0.34
9	2080	0.35
9	2079	0.35
9	2078	0.35
9	2077	0.35
9	2076	0.35
9	2075	0.35
9	2074	0.35
9	2073	0.35
9	2072	0.35
9	2071	0.35
9	2070	0.35
9	2069	0.35
9	2068	0.35
9	2067	0.35
9	2066	0.35
9	2065	0.35
9	2064	0.35
9	2062	0.35
9	2061	0.36
9	2060	0.36
9	2059	0.36
9	2058	0.36
9	2057	0.36
9	2056	0.36
9	2055	0.36
9	2054	0.36
9	2053	0.36
9	2052	0.36
9	2051	0.36
9	2050	0.36
9	2049	0.36
9	2048	0.36
9	2047	0.36
9	2046	0.37
9	2045	0.37
9	2044	0.37
9	2043	0.37
9	2042	0.37
9	2041	0.37
9	2040	0.37
9	2039	0.37
9	2038	0.37
9	2037	0.37
9	2036	0.38
9	2035	0.38
9	2034	0.38
9	2033	0.38
9	2032	0.38
9	2031	0.38
9	2030	0.38
9	2029	0.38
9	2028	0.38
9	2027	0.38
9	2026	0.38
9	2025	0.38
9	2024	0.38
9	2023	0.39
9	2022	0.39
9	2021	0.39
9	2020	0.39
9	2019	0.39
9	2018	0.39
9	2017	0.39
9	2016	0.39
9	2015	0.39
9	2014	0.39
9	2013	0.39
9	2012	0.39
9	2011	0.39
9	2010	0.39
9	2009	0.40
9	2008	0.40
9	2007	0.40
9	2006	0.40
9	2005	0.40
9	2004	0.40
9	2003	0.40
9	2002	0.40
9	2001	0.40
9	2000	0.40
9	1999	0.40
9	1998	0.41
9	1996	0.41
9	1995	0.41
9	1994	0.41
9	1993	0.41
9	1992	0.41
9	1991	0.41
9	1990	0.41
9	1989	0.41
9	1988	0.41
9	1987	0.41
9	1986	0.41
9	1985	0.41
9	1984	0.41
9	1983	0.41
9	1982	0.42
9	1981	0.42
9	1980	0.42
9	1979	0.42
9	1978	0.42
9	1977	0.42
9	1976	0.42
9	1975	0.42
9	1974	0.42
9	1973	0.42
9	1972	0.42
9	1971	0.42
9	1970	0.42
9	1969	0.42
9	1968	0.42
9	1967	0.43
9	1966	0.43
9	1964	0.43
9	1963	0.43
9	1962	0.43
9	1961	0.43
9	1960	0.43
9	1959	0.43
9	1958	0.43
9	1957	0.43
9	1956	0.43
9	1955	0.43
9	1954	0.43
9	1953	0.43
9	1952	0.43
9	1951	0.43
9	1950	0.43
9	1949	0.43
9	1948	0.44
9	1947	0.44
9	1946	0.44
9	1945	0.44
9	1944	0.44
9	1943	0.44
9	1942	0.44
9	1941	0.44
9	1940	0.44
9	1939	0.44
9	1938	0.44
9	1937	0.44
9	1936	0.44
9	1935	0.44
9	1934	0.44
9	1933	0.44
9	1932	0.45
9	1931	0.45
9	1930	0.45
9	1929	0.45
9	1928	0.45
9	1927	0.45
9	1926	0.45
9	1925	0.45
9	1924	0.45
9	1923	0.45
9	1922	0.45
9	1921	0.45
9	1920	0.46
9	1919	0.46
9	1918	0.46
9	1917	0.46
9	1916	0.46
9	1915	0.46
9	1914	0.46
9	1913	0.46
9	1912	0.46
9	1911	0.46
9	1910	0.46
9	1909	0.46
9	1908	0.46
9	1907	0.46
9	1906	0.46
9	1905	0.47
9	1904	0.47
9	1903	0.47
9	1902	0.47
9	1901	0.47
9	1900	0.47
9	1899	0.47
9	1898	0.47
9	1897	0.47
9	1896	0.47
9	1895	0.47
9	1894	0.47
9	1893	0.47
9	1892	0.47
9	1891	0.47
9	1890	0.47
9	1889	0.48
9	1888	0.48
9	1887	0.48
9	1886	0.48
9	1885	0.48
9	1884	0.48
9	1883	0.48
9	1882	0.48
9	1881	0.48
9	1880	0.48
9	1879	0.48
9	1878	0.48
9	1877	0.48
9	1876	0.48
9	1875	0.49
9	1874	0.49
9	1873	0.49
9	1872	0.49
9	1871	0.49
9	1870	0.49
9	1869	0.49
9	1868	0.49
9	1867	0.49
9	1866	0.49
9	1865	0.49
9	1864	0.49
9	1863	0.49
9	1862	0.49
9	1861	0.50
9	1860	0.50
9	1859	0.50
9	1858	0.50
9	1857	0.50
9	1856	0.50
9	1855	0.50
9	1854	0.50
9	1853	0.50
9	1852	0.50
9	1851	0.50
9	1850	0.50
9	1849	0.50
9	1848	0.51
9	1847	0.51
9	1846	0.51
9	1845	0.51
9	1844	0.51
9	1843	0.51
9	1842	0.51
9	1841	0.51
9	1840	0.51
9	1839	0.51
9	1838	0.51
9	1837	0.51
9	1836	0.51
9	1834	0.51
9	1833	0.51
9	1832	0.52
9	1831	0.52
9	1830	0.52
9	1829	0.52
9	1828	0.52
9	1827	0.52
9	1826	0.52
9	1825	0.52
9	1824	0.52
9	1823	0.52
9	1822	0.52
9	1821	0.52
9	1820	0.52
9	1819	0.53
9	1818	0.53
9	1817	0.53
9	1816	0.53
9	1815	0.53
9	1814	0.53
9	1813	0.53
9	1812	0.53
9	1811	0.53
9	1810	0.53
9	1809	0.53
9	1808	0.53
9	1807	0.53
9	1806	0.53
9	1805	0.53
9	1804	0.53
9	1803	0.53
9	1802	0.53
9	1801	0.54
9	1800	0.54
9	1799	0.54
9	1798	0.54
9	1797	0.54
9	1796	0.54
9	1795	0.54
9	1794	0.54
9	1793	0.54
9	1792	0.54
9	1791	0.54
9	1790	0.54
9	1789	0.54
9	1788	0.54
9	1787	0.54
9	1786	0.54
9	1785	0.54
9	1784	0.55
9	1783	0.55
9	1782	0.55
9	1781	0.55
9	1780	0.55
9	1779	0.55
9	1778	0.55
9	1777	0.55
9	1776	0.55
9	1775	0.55
9	1774	0.55
9	1773	0.55
9	1772	0.55
9	1771	0.55
9	1770	0.55
9	1769	0.55
9	1768	0.55
9	1767	0.55
9	1766	0.55
9	1765	0.55
9	1764	0.56
9	1763	0.56
9	1762	0.56
9	1761	0.56
9	1760	0.56
9	1759	0.56
9	1758	0.56
9	1757	0.56
9	1756	0.56
9	1755	0.56
9	1754	0.56
9	1753	0.56
9	1752	0.56
9	1751	0.56
9	1750	0.56
9	1749	0.56
9	1748	0.57
9	1747	0.57
9	1746	0.57
9	1745	0.57
9	1744	0.57
9	1743	0.57
9	1742	0.57
9	1741	0.57
9	1740	0.57
9	1738	0.57
9	1737	0.57
9	1736	0.57
9	1735	0.57
9	1734	0.57
9	1733	0.57
9	1732	0.57
9	1730	0.57
9	1729	0.58
9	1728	0.58
9	1727	0.58
9	1726	0.58
9	1725	0.58
9	1724	0.58
9	1723	0.58
9	1722	0.58
9	1721	0.58
9	1720	0.58
9	1719	0.58
9	1718	0.58
9	1717	0.58
9	1716	0.58
9	1715	0.58
9	1714	0.58
9	1713	0.59
9	1712	0.59
9	1711	0.59
9	1710	0.59
9	1709	0.59
9	1708	0.59
9	1707	0.59
9	1706	0.59
9	1705	0.59
9	1704	0.59
9	1703	0.59
9	1702	0.59
9	1701	0.59
9	1700	0.59
9	1699	0.60
9	1698	0.60
9	1697	0.60
9	1696	0.60
9	1695	0.60
9	1694	0.60
9	1693	0.60
9	1692	0.60
9	1691	0.60
9	1690	0.60
9	1689	0.60
9	1688	0.60
9	1687	0.60
9	1686	0.60
9	1685	0.60
9	1684	0.61
9	1683	0.61
9	1682	0.61
9	1681	0.61
9	1680	0.61
9	1679	0.61
9	1678	0.61
9	1677	0.61
9	1676	0.61
9	1675	0.61
9	1674	0.61
9	1673	0.61
9	1672	0.61
9	1671	0.61
9	1670	0.61
9	1669	0.62
9	1668	0.62
9	1667	0.62
9	1666	0.62
9	1665	0.62
9	1664	0.62
9	1663	0.62
9	1662	0.62
9	1661	0.62
9	1660	0.62
9	1659	0.62
9	1658	0.62
9	1657	0.63
9	1656	0.63
9	1655	0.63
9	1654	0.63
9	1653	0.63
9	1652	0.63
9	1651	0.63
9	1650	0.63
9	1649	0.63
9	1648	0.63
9	1647	0.63
9	1646	0.63
9	1645	0.63
9	1644	0.63
9	1643	0.63
9	1642	0.63
9	1641	0.63
9	1640	0.63
9	1639	0.63
9	1638	0.64
9	1637	0.64
9	1636	0.64
9	1635	0.64
9	1634	0.64
9	1633	0.64
9	1631	0.64
9	1630	0.64
9	1629	0.64
9	1628	0.64
9	1627	0.64
9	1626	0.64
9	1625	0.64
9	1624	0.64
9	1623	0.64
9	1622	0.64
9	1621	0.64
9	1620	0.65
9	1619	0.65
9	1618	0.65
9	1617	0.65
9	1616	0.65
9	1615	0.65
9	1614	0.65
9	1613	0.65
9	1612	0.65
9	1611	0.65
9	1610	0.65
9	1609	0.65
9	1608	0.65
9	1607	0.65
9	1606	0.65
9	1605	0.65
9	1604	0.65
9	1603	0.66
9	1602	0.66
9	1601	0.66
9	1600	0.66
9	1599	0.66
9	1598	0.66
9	1597	0.66
9	1596	0.66
9	1595	0.66
9	1594	0.66
9	1593	0.66
9	1592	0.66
9	1591	0.66
9	1590	0.66
9	1589	0.66
9	1588	0.66
9	1587	0.66
9	1586	0.66
9	1585	0.67
9	1584	0.67
9	1583	0.67
9	1581	0.67
9	1580	0.67
9	1579	0.67
9	1578	0.67
9	1577	0.67
9	1576	0.67
9	1575	0.67
9	1574	0.67
9	1573	0.67
9	1572	0.67
9	1571	0.67
9	1570	0.67
9	1569	0.67
9	1568	0.67
9	1567	0.67
9	1566	0.67
9	1565	0.68
9	1564	0.68
9	1563	0.68
9	1562	0.68
9	1561	0.68
9	1560	0.68
9	1559	0.68
9	1558	0.68
9	1557	0.68
9	1556	0.68
9	1555	0.68
9	1554	0.68
9	1553	0.68
9	1552	0.68
9	1551	0.68
9	1550	0.68
9	1549	0.69
9	1548	0.69
9	1547	0.69
9	1546	0.69
9	1545	0.69
9	1544	0.69
9	1543	0.69
9	1542	0.69
9	1541	0.69
9	1540	0.69
9	1539	0.69
9	1538	0.69
9	1537	0.69
9	1536	0.70
9	1535	0.70
9	1534	0.70
9	1533	0.70
9	1532	0.70
9	1531	0.70
9	1530	0.70
9	1529	0.70
9	1528	0.70
9	1527	0.70
9	1526	0.70
9	1525	0.70
9	1524	0.70
9	1523	0.70
9	1522	0.70
9	1521	0.71
9	1520	0.71
9	1519	0.71
9	1517	0.71
9	1516	0.71
9	1515	0.71
9	1514	0.71
9	1513	0.71
9	1512	0.71
9	1511	0.71
9	1510	0.71
9	1509	0.71
9	1508	0.71
9	1507	0.71
9	1506	0.71
9	1505	0.71
9	1504	0.71
9	1503	0.71
9	1502	0.71
9	1501	0.72
9	1500	0.72
9	1499	0.72
9	1498	0.72
9	1497	0.72
9	1496	0.72
9	1495	0.72
9	1494	0.72
9	1493	0.72
9	1492	0.72
9	1491	0.72
9	1490	0.72
9	1489	0.72
9	1488	0.72
9	1487	0.72
9	1486	0.73
9	1485	0.73
9	1484	0.73
9	1483	0.73
9	1482	0.73
9	1481	0.73
9	1480	0.73
9	1479	0.73
9	1478	0.73
9	1477	0.73
9	1476	0.73
9	1475	0.73
9	1474	0.73
9	1473	0.73
9	1472	0.73
9	1471	0.73
9	1470	0.73
9	1469	0.73
9	1468	0.73
9	1467	0.74
9	1466	0.74
9	1465	0.74
9	1464	0.74
9	1463	0.74
9	1462	0.74
9	1461	0.74
9	1460	0.74
9	1459	0.74
9	1457	0.74
9	1455	0.74
9	1454	0.74
9	1453	0.74
9	1452	0.74
9	1451	0.74
9	1450	0.74
9	1449	0.74
9	1447	0.74
9	1445	0.74
9	1444	0.74
9	1443	0.74
9	1442	0.74
9	1440	0.74
9	1439	0.74
9	1438	0.74
9	1437	0.74
9	1436	0.75
9	1435	0.75
9	1434	0.75
9	1433	0.75
9	1432	0.75
9	1431	0.75
9	1430	0.75
9	1429	0.75
9	1428	0.75
9	1427	0.75
9	1426	0.75
9	1425	0.75
9	1424	0.75
9	1422	0.75
9	1421	0.75
9	1420	0.75
9	1419	0.75
9	1418	0.75
9	1417	0.75
9	1416	0.75
9	1415	0.76
9	1414	0.76
9	1413	0.76
9	1412	0.76
9	1411	0.76
9	1410	0.76
9	1409	0.76
9	1408	0.76
9	1407	0.76
9	1405	0.76
9	1404	0.76
9	1403	0.76
9	1401	0.76
9	1400	0.76
9	1399	0.76
9	1398	0.76
9	1397	0.76
9	1396	0.76
9	1395	0.76
9	1393	0.76
9	1392	0.76
9	1391	0.76
9	1390	0.76
9	1389	0.76
9	1388	0.76
9	1387	0.76
9	1386	0.76
9	1385	0.76
9	1384	0.77
9	1383	0.77
9	1382	0.77
9	1381	0.77
9	1380	0.77
9	1379	0.77
9	1378	0.77
9	1377	0.77
9	1376	0.77
9	1375	0.77
9	1374	0.77
9	1373	0.77
9	1372	0.77
9	1371	0.77
9	1370	0.77
9	1369	0.77
9	1368	0.77
9	1367	0.77
9	1366	0.77
9	1365	0.77
9	1364	0.77
9	1363	0.77
9	1362	0.77
9	1360	0.77
9	1359	0.77
9	1358	0.78
9	1357	0.78
9	1356	0.78
9	1355	0.78
9	1354	0.78
9	1353	0.78
9	1350	0.78
9	1349	0.78
9	1348	0.78
9	1347	0.78
9	1346	0.78
9	1345	0.78
9	1344	0.78
9	1343	0.78
9	1341	0.78
9	1340	0.78
9	1339	0.78
9	1337	0.78
9	1336	0.78
9	1335	0.78
9	1334	0.79
9	1333	0.79
9	1332	0.79
9	1331	0.79
9	1330	0.79
9	1329	0.79
9	1328	0.79
9	1327	0.79
9	1326	0.79
9	1325	0.79
9	1324	0.79
9	1323	0.79
9	1320	0.79
9	1319	0.79
9	1318	0.79
9	1317	0.79
9	1316	0.79
9	1314	0.79
9	1312	0.79
9	1311	0.79
9	1310	0.79
9	1309	0.79
9	1308	0.79
9	1306	0.79
9	1305	0.79
9	1304	0.79
9	1303	0.79
9	1302	0.79
9	1301	0.80
9	1300	0.80
9	1299	0.80
9	1298	0.80
9	1296	0.80
9	1295	0.80
9	1294	0.80
9	1293	0.80
9	1292	0.80
9	1291	0.80
9	1290	0.80
9	1289	0.80
9	1288	0.80
9	1287	0.80
9	1286	0.80
9	1285	0.80
9	1284	0.80
9	1283	0.80
9	1280	0.80
9	1279	0.80
9	1278	0.80
9	1277	0.80
9	1276	0.80
9	1275	0.80
9	1274	0.80
9	1273	0.80
9	1272	0.80
9	1271	0.80
9	1270	0.81
9	1269	0.81
9	1268	0.81
9	1267	0.81
9	1266	0.81
9	1265	0.81
9	1264	0.81
9	1263	0.81
9	1262	0.81
9	1261	0.81
9	1259	0.81
9	1258	0.81
9	1257	0.81
9	1256	0.81
9	1255	0.81
9	1253	0.81
9	1252	0.81
9	1251	0.81
9	1250	0.81
9	1249	0.81
9	1248	0.81
9	1247	0.81
9	1246	0.81
9	1245	0.81
9	1244	0.81
9	1243	0.81
9	1241	0.82
9	1239	0.82
9	1237	0.82
9	1236	0.82
9	1235	0.82
9	1234	0.82
9	1233	0.82
9	1231	0.82
9	1230	0.82
9	1229	0.82
9	1228	0.82
9	1227	0.82
9	1226	0.82
9	1224	0.82
9	1223	0.82
9	1220	0.82
9	1219	0.82
9	1218	0.82
9	1216	0.82
9	1215	0.82
9	1214	0.82
9	1213	0.82
9	1211	0.82
9	1210	0.82
9	1209	0.82
9	1208	0.82
9	1207	0.82
9	1206	0.82
9	1204	0.82
9	1203	0.82
9	1202	0.82
9	1201	0.82
9	1198	0.82
9	1194	0.82
9	1192	0.83
9	1191	0.83
9	1187	0.83
9	1184	0.83
9	1183	0.83
9	1181	0.83
9	1179	0.83
9	1177	0.83
9	1175	0.83
9	1174	0.83
9	1173	0.83
9	1171	0.83
9	1170	0.83
9	1166	0.83
9	1164	0.83
9	1162	0.83
9	1161	0.83
9	1160	0.83
9	1158	0.83
9	1156	0.83
9	1154	0.83
9	1153	0.83
9	1152	0.83
9	1151	0.83
9	1149	0.83
9	1146	0.83
9	1143	0.83
9	1142	0.83
9	1139	0.83
9	1137	0.83
9	1136	0.83
9	1134	0.83
9	1133	0.83
9	1130	0.83
9	1129	0.83
9	1128	0.83
9	1127	0.83
9	1126	0.83
9	1124	0.83
9	1121	0.83
9	1120	0.83
9	1119	0.83
9	1116	0.83
9	1111	0.83
9	1107	0.83
9	1105	0.83
9	1103	0.83
9	1089	0.83
9	1084	0.83
9	1083	0.84
9	1081	0.84
9	1073	0.84
9	1068	0.84
9	1066	0.84
9	1064	0.84
9	1062	0.84
9	1059	0.84
9	1053	0.84
9	1049	0.84
9	1044	0.84
9	1040	0.84
9	1039	0.84
9	1037	0.84
9	1032	0.84
9	1031	0.84
9	1029	0.84
9	1028	0.84
9	1016	0.84
9	1015	0.84
9	1014	0.84
9	1012	0.84
9	1010	0.84
9	1008	0.84
9	1007	0.84
9	1004	0.84
9	1002	0.84
9	998	0.84
9	994	0.84
9	987	0.84
9	985	0.84
9	984	0.84
9	982	0.84
9	981	0.84
9	972	0.84
9	949	0.84
9	943	0.84
9	942	0.84
9	939	0.84
9	919	0.84
9	905	0.84
9	903	0.84
9	900	0.84
9	896	0.84
9	889	0.84
9	886	0.84
9	885	0.84
9	884	0.84
9	872	0.84
9	869	0.84
9	867	0.84
9	864	0.84
9	861	0.84
9	843	0.84
9	828	0.84
9	803	0.84
9	794	0.84
9	772	0.84
9	766	0.85
9	737	0.85
9	729	0.85
9	720	0.85
9	718	0.85
9	712	0.85
9	707	0.85
9	703	0.85
9	700	0.85
9	696	0.85
9	691	0.85
9	687	0.85
9	677	0.85
9	673	0.85
9	671	0.85
9	669	0.85
9	664	0.85
9	653	0.85
9	649	0.85
9	643	0.85
9	642	0.85
9	641	0.85
9	639	0.85
9	633	0.85
9	630	0.85
9	628	0.85
9	625	0.85
9	620	0.85
9	613	0.85
9	611	0.85
9	608	0.85
9	600	0.85
9	599	0.85
9	597	0.85
9	592	0.85
9	588	0.85
9	585	0.85
9	580	0.85
9	558	0.85
9	535	0.85
9	534	0.85
9	522	0.85
9	517	0.85
9	515	0.85
9	504	0.85
9	483	0.85
9	452	0.85
9	451	0.85
9	448	0.85
9	447	0.86
9	445	0.86
9	444	0.86
9	443	0.86
9	441	0.86
9	440	0.86
9	439	0.86
9	438	0.86
9	436	0.86
9	435	0.86
9	434	0.86
9	433	0.86
9	432	0.86
9	431	0.86
9	430	0.86
9	429	0.86
9	428	0.86
9	427	0.86
9	426	0.86
9	425	0.86
9	424	0.86
9	423	0.86
9	422	0.86
9	421	0.86
9	420	0.87
9	419	0.87
9	417	0.87
9	416	0.87
9	415	0.87
9	414	0.87
9	413	0.87
9	412	0.87
9	410	0.87
9	408	0.87
9	407	0.87
9	406	0.87
9	405	0.87
9	404	0.87
9	403	0.87
9	402	0.87
9	401	0.88
9	400	0.88
9	399	0.88
9	398	0.88
9	397	0.88
9	396	0.88
9	395	0.88
9	394	0.88
9	393	0.88
9	392	0.88
9	391	0.88
9	390	0.88
9	389	0.88
9	388	0.88
9	387	0.88
9	386	0.88
9	385	0.89
9	384	0.89
9	383	0.89
9	382	0.89
9	381	0.89
9	380	0.89
9	379	0.89
9	378	0.89
9	377	0.89
9	376	0.89
9	375	0.89
9	374	0.89
9	373	0.89
9	372	0.89
9	371	0.89
9	370	0.89
9	369	0.89
9	368	0.89
9	367	0.90
9	366	0.90
9	365	0.90
9	364	0.90
9	363	0.90
9	362	0.90
9	361	0.90
9	360	0.90
9	359	0.90
9	358	0.90
9	357	0.90
9	356	0.90
9	355	0.90
9	354	0.90
9	353	0.90
9	352	0.90
9	351	0.90
9	350	0.90
9	349	0.90
9	348	0.90
9	347	0.90
9	346	0.90
9	345	0.90
9	344	0.91
9	343	0.91
9	341	0.91
9	340	0.91
9	339	0.91
9	338	0.91
9	337	0.91
9	336	0.91
9	335	0.91
9	334	0.91
9	333	0.91
9	332	0.91
9	331	0.91
9	330	0.91
9	329	0.91
9	328	0.91
9	327	0.91
9	326	0.91
9	324	0.91
9	322	0.91
9	321	0.91
9	320	0.91
9	318	0.91
9	317	0.91
9	316	0.92
9	315	0.92
9	314	0.92
9	312	0.92
9	309	0.92
9	308	0.92
9	306	0.92
9	304	0.92
9	302	0.92
9	301	0.92
9	300	0.92
9	299	0.92
9	298	0.92
9	297	0.92
9	296	0.92
9	295	0.92
9	294	0.92
9	293	0.92
9	292	0.92
9	291	0.92
9	290	0.92
9	289	0.92
9	288	0.92
9	287	0.92
9	286	0.92
9	285	0.92
9	284	0.92
9	283	0.92
9	282	0.92
9	281	0.92
9	280	0.92
9	279	0.92
9	278	0.92
9	277	0.93
9	276	0.93
9	275	0.93
9	274	0.93
9	273	0.93
9	272	0.93
9	271	0.93
9	270	0.93
9	269	0.93
9	268	0.93
9	267	0.93
9	266	0.93
9	265	0.93
9	264	0.93
9	263	0.93
9	262	0.93
9	261	0.93
9	260	0.93
9	259	0.93
9	258	0.93
9	257	0.93
9	256	0.93
9	255	0.93
9	254	0.93
9	253	0.93
9	252	0.93
9	251	0.93
9	250	0.93
9	249	0.93
9	248	0.93
9	247	0.93
9	246	0.93
9	245	0.93
9	244	0.93
9	243	0.93
9	242	0.93
9	241	0.93
9	240	0.93
9	239	0.94
9	238	0.94
9	237	0.94
9	236	0.94
9	235	0.94
9	234	0.94
9	233	0.94
9	232	0.94
9	231	0.94
9	230	0.94
9	229	0.94
9	228	0.94
9	227	0.94
9	226	0.94
9	225	0.94
9	224	0.94
9	223	0.94
9	222	0.94
9	221	0.94
9	220	0.94
9	219	0.94
9	218	0.94
9	217	0.94
9	216	0.94
9	215	0.94
9	214	0.94
9	213	0.94
9	212	0.94
9	211	0.94
9	210	0.94
9	209	0.94
9	208	0.94
9	207	0.94
9	206	0.94
9	205	0.94
9	204	0.94
9	203	0.94
9	202	0.94
9	201	0.94
9	200	0.94
9	199	0.94
9	198	0.94
9	197	0.94
9	196	0.94
9	195	0.94
9	194	0.94
9	193	0.94
9	192	0.94
9	191	0.94
9	190	0.94
9	189	0.94
9	188	0.94
9	187	0.94
9	186	0.94
9	185	0.94
9	184	0.94
9	183	0.94
9	182	0.94
9	181	0.94
9	180	0.95
9	179	0.95
9	178	0.95
9	177	0.95
9	176	0.95
9	175	0.95
9	174	0.95
9	173	0.95
9	172	0.95
9	171	0.95
9	170	0.95
9	169	0.95
9	168	0.95
9	167	0.95
9	166	0.95
9	165	0.95
9	164	0.95
9	163	0.95
9	162	0.95
9	161	0.95
9	160	0.95
9	159	0.95
9	158	0.95
9	157	0.95
9	156	0.95
9	155	0.95
9	154	0.95
9	153	0.95
9	152	0.95
9	151	0.95
9	150	0.95
9	149	0.95
9	148	0.95
9	147	0.95
9	146	0.95
9	145	0.95
9	144	0.95
9	143	0.95
9	142	0.95
9	141	0.95
9	140	0.95
9	139	0.95
9	138	0.95
9	137	0.95
9	136	0.95
9	135	0.95
9	134	0.95
9	133	0.95
9	132	0.95
9	131	0.95
9	130	0.95
9	129	0.95
9	128	0.95
9	127	0.95
9	126	0.95
9	125	0.95
9	124	0.95
9	123	0.95
9	122	0.95
9	121	0.95
9	120	0.95
9	119	0.95
9	118	0.95
9	117	0.95
9	116	0.95
9	115	0.95
9	114	0.95
9	113	0.95
9	112	0.95
9	111	0.95
9	110	0.95
9	109	0.95
9	108	0.95
9	107	0.95
9	106	0.95
9	105	0.95
9	104	0.95
9	103	0.95
9	102	0.95
9	101	0.95
9	100	0.95
9	99	0.95
9	98	0.95
9	97	0.95
9	96	0.95
9	95	0.95
9	94	0.95
9	93	0.95
9	92	0.95
9	91	0.95
9	90	0.95
9	89	0.95
9	88	0.95
9	87	0.95
9	86	0.95
9	85	0.95
9	84	0.95
9	83	0.95
9	82	0.95
9	81	0.95
9	80	0.95
9	79	0.95
9	78	0.95
9	77	0.95
9	76	0.96
9	75	0.96
9	74	0.96
9	73	0.96
9	72	0.96
9	71	0.96
9	70	0.96
9	69	0.96
9	68	0.96
9	67	0.96
9	66	0.96
9	65	0.96
9	64	0.96
9	63	0.96
9	62	0.96
9	61	0.96
9	60	0.96
9	59	0.96
9	58	0.96
9	57	0.96
9	56	0.96
9	55	0.96
9	54	0.96
9	53	0.96
9	52	0.96
9	51	0.96
9	50	0.96
9	49	0.96
9	48	0.96
9	47	0.96
9	46	0.96
9	45	0.96
9	44	0.96
9	43	0.96
9	42	0.96
9	41	0.96
9	40	0.96
9	39	0.96
9	38	0.96
9	37	0.96
9	36	0.96
9	35	0.96
9	34	0.97
9	33	0.97
9	32	0.97
9	31	0.97
9	30	0.97
9	29	0.97
9	28	0.97
9	27	0.97
9	26	0.97
9	25	0.97
9	24	0.97
9	23	0.97
9	22	0.97
9	21	0.97
9	20	0.97
9	19	0.97
9	18	0.97
9	17	0.97
9	16	0.97
9	15	0.97
9	14	0.97
9	13	0.97
9	12	0.97
9	11	0.98
9	10	0.98
9	9	0.98
9	8	0.98
9	7	0.98
9	6	0.98
9	5	0.98
9	4	0.98
9	3	0.98
9	2	0.98
9	1	0.99
9	0	1.00
total	3531	0.00
total	3519	0.00
total	3508	0.00
total	3505	0.00
total	3482	0.00
total	3468	0.00
total	3450	0.00
total	3441	0.00
total	3421	0.00
total	3418	0.00
total	3411	0.00
total	3390	0.00
total	3378	0.00
total	3374	0.00
total	3372	0.00
total	3371	0.00
total	3367	0.00
total	3365	0.00
total	3361	0.00
total	3357	0.00
total	3356	0.00
total	3355	0.00
total	3354	0.00
total	3351	0.00
total	3349	0.01
total	3348	0.01
total	3347	0.01
total	3346	0.01
total	3345	0.01
total	3343	0.01
total	3341	0.01
total	3339	0.01
total	3335	0.01
total	3334	0.01
total	3332	0.01
total	3331	0.01
total	3329	0.01
total	3326	0.01
total	3325	0.01
total	3324	0.01
total	3322	0.01
total	3316	0.01
total	3314	0.01
total	3313	0.01
total	3311	0.01
total	3309	0.01
total	3307	0.01
total	3306	0.01
total	3305	0.01
total	3304	0.01
total	3303	0.01
total	3300	0.01
total	3298	0.01
total	3297	0.01
total	3296	0.01
total	3295	0.01
total	3293	0.01
total	3289	0.01
total	3288	0.01
total	3285	0.01
total	3284	0.01
total	3283	0.01
total	3282	0.01
total	3280	0.01
total	3278	0.01
total	3276	0.01
total	3274	0.02
total	3272	0.02
total	3271	0.02
total	3269	0.02
total	3268	0.02
total	3267	0.02
total	3264	0.02
total	3261	0.02
total	3256	0.02
total	3255	0.02
total	3254	0.02
total	3251	0.02
total	3246	0.02
total	3245	0.02
total	3244	0.02
total	3242	0.02
total	3241	0.02
total	3240	0.02
total	3239	0.02
total	3238	0.02
total	3235	0.02
total	3234	0.02
total	3233	0.02
total	3232	0.02
total	3230	0.02
total	3228	0.02
total	3224	0.02
total	3223	0.02
total	3219	0.02
total	3216	0.02
total	3215	0.02
total	3214	0.02
total	3211	0.02
total	3209	0.02
total	3204	0.02
total	3203	0.02
total	3202	0.02
total	3201	0.02
total	3200	0.02
total	3199	0.02
total	3198	0.02
total	3196	0.02
total	3195	0.03
total	3194	0.03
total	3193	0.03
total	3192	0.03
total	3190	0.03
total	3188	0.03
total	3183	0.03
total	3181	0.03
total	3179	0.03
total	3175	0.03
total	3174	0.03
total	3170	0.03
total	3169	0.03
total	3164	0.03
total	3163	0.03
total	3161	0.03
total	3156	0.03
total	3153	0.03
total	3150	0.03
total	3147	0.03
total	3146	0.03
total	3145	0.03
total	3144	0.03
total	3143	0.03
total	3142	0.03
total	3139	0.03
total	3137	0.03
total	3135	0.03
total	3133	0.03
total	3130	0.03
total	3126	0.03
total	3124	0.03
total	3120	0.03
total	3119	0.03
total	3117	0.03
total	3114	0.03
total	3112	0.03
total	3109	0.03
total	3107	0.03
total	3105	0.03
total	3104	0.03
total	3101	0.03
total	3100	0.04
total	3097	0.04
total	3096	0.04
total	3094	0.04
total	3093	0.04
total	3092	0.04
total	3090	0.04
total	3089	0.04
total	3087	0.04
total	3086	0.04
total	3085	0.04
total	3083	0.04
total	3082	0.04
total	3081	0.04
total	3079	0.04
total	3077	0.04
total	3076	0.04
total	3074	0.04
total	3073	0.04
total	3070	0.04
total	3069	0.04
total	3068	0.04
total	3067	0.04
total	3064	0.04
total	3062	0.04
total	3060	0.04
total	3059	0.04
total	3055	0.04
total	3051	0.04
total	3047	0.04
total	3045	0.04
total	3044	0.04
total	3042	0.04
total	3041	0.04
total	3040	0.04
total	3038	0.04
total	3037	0.04
total	3036	0.04
total	3035	0.04
total	3034	0.04
total	3033	0.04
total	3032	0.04
total	3025	0.04
total	3022	0.04
total	3021	0.05
total	3019	0.05
total	3018	0.05
total	3014	0.05
total	3011	0.05
total	3010	0.05
total	3007	0.05
total	3004	0.05
total	3001	0.05
total	3000	0.05
total	2999	0.05
total	2998	0.05
total	2997	0.05
total	2993	0.05
total	2990	0.05
total	2988	0.05
total	2986	0.05
total	2985	0.05
total	2984	0.05
total	2981	0.05
total	2980	0.05
total	2975	0.05
total	2974	0.05
total	2973	0.05
total	2972	0.05
total	2970	0.05
total	2965	0.05
total	2964	0.05
total	2963	0.05
total	2961	0.05
total	2960	0.05
total	2958	0.05
total	2957	0.05
total	2955	0.05
total	2954	0.05
total	2953	0.05
total	2952	0.05
total	2951	0.05
total	2950	0.05
total	2948	0.06
total	2946	0.06
total	2945	0.06
total	2944	0.06
total	2943	0.06
total	2941	0.06
total	2940	0.06
total	2939	0.06
total	2938	0.06
total	2936	0.06
total	2933	0.06
total	2931	0.06
total	2928	0.06
total	2922	0.06
total	2921	0.06
total	2913	0.06
total	2910	0.06
total	2909	0.06
total	2907	0.06
total	2903	0.06
total	2901	0.06
total	2900	0.06
total	2896	0.06
total	2893	0.06
total	2889	0.06
total	2888	0.06
total	2885	0.06
total	2884	0.06
total	2882	0.06
total	2880	0.06
total	2877	0.06
total	2875	0.06
total	2873	0.06
total	2872	0.06
total	2869	0.06
total	2868	0.06
total	2867	0.06
total	2864	0.06
total	2863	0.06
total	2862	0.06
total	2861	0.06
total	2860	0.06
total	2859	0.06
total	2858	0.06
total	2857	0.06
total	2856	0.07
total	2855	0.07
total	2852	0.07
total	2851	0.07
total	2850	0.07
total	2849	0.07
total	2847	0.07
total	2846	0.07
total	2843	0.07
total	2841	0.07
total	2838	0.07
total	2837	0.07
total	2836	0.07
total	2835	0.07
total	2834	0.07
total	2833	0.07
total	2832	0.07
total	2830	0.07
total	2829	0.07
total	2828	0.07
total	2827	0.07
total	2826	0.07
total	2824	0.07
total	2823	0.07
total	2822	0.07
total	2820	0.07
total	2819	0.07
total	2818	0.07
total	2817	0.07
total	2816	0.07
total	2813	0.07
total	2812	0.07
total	2811	0.07
total	2810	0.07
total	2809	0.07
total	2808	0.07
total	2807	0.07
total	2806	0.07
total	2805	0.07
total	2804	0.08
total	2803	0.08
total	2802	0.08
total	2801	0.08
total	2800	0.08
total	2799	0.08
total	2798	0.08
total	2797	0.08
total	2795	0.08
total	2794	0.08
total	2793	0.08
total	2792	0.08
total	2791	0.08
total	2790	0.08
total	2788	0.08
total	2786	0.08
total	2785	0.08
total	2784	0.08
total	2782	0.08
total	2779	0.08
total	2778	0.08
total	2775	0.08
total	2774	0.08
total	2773	0.08
total	2772	0.08
total	2771	0.08
total	2770	0.08
total	2767	0.08
total	2762	0.08
total	2760	0.08
total	2759	0.08
total	2755	0.08
total	2754	0.08
total	2751	0.08
total	2750	0.08
total	2747	0.08
total	2746	0.08
total	2745	0.09
total	2744	0.09
total	2742	0.09
total	2739	0.09
total	2738	0.09
total	2737	0.09
total	2735	0.09
total	2734	0.09
total	2733	0.09
total	2732	0.09
total	2731	0.09
total	2728	0.09
total	2726	0.09
total	2725	0.09
total	2724	0.09
total	2719	0.09
total	2718	0.09
total	2716	0.09
total	2715	0.09
total	2714	0.09
total	2713	0.09
total	2712	0.09
total	2711	0.09
total	2710	0.09
total	2709	0.09
total	2708	0.09
total	2707	0.09
total	2706	0.09
total	2705	0.09
total	2702	0.09
total	2701	0.09
total	2700	0.09
total	2699	0.09
total	2698	0.09
total	2697	0.10
total	2696	0.10
total	2693	0.10
total	2692	0.10
total	2691	0.10
total	2690	0.10
total	2689	0.10
total	2688	0.10
total	2687	0.10
total	2686	0.10
total	2684	0.10
total	2680	0.10
total	2679	0.10
total	2678	0.10
total	2677	0.10
total	2676	0.10
total	2675	0.10
total	2674	0.10
total	2673	0.10
total	2670	0.10
total	2669	0.10
total	2668	0.10
total	2667	0.10
total	2664	0.10
total	2662	0.10
total	2661	0.10
total	2659	0.10
total	2658	0.10
total	2657	0.10
total	2656	0.10
total	2655	0.10
total	2654	0.10
total	2653	0.10
total	2652	0.10
total	2651	0.10
total	2650	0.11
total	2649	0.11
total	2647	0.11
total	2646	0.11
total	2645	0.11
total	2643	0.11
total	2642	0.11
total	2640	0.11
total	2638	0.11
total	2637	0.11
total	2636	0.11
total	2635	0.11
total	2633	0.11
total	2631	0.11
total	2630	0.11
total	2629	0.11
total	2628	0.11
total	2627	0.11
total	2626	0.11
total	2625	0.11
total	2624	0.11
total	2623	0.11
total	2622	0.11
total	2621	0.11
total	2620	0.11
total	2619	0.11
total	2618	0.11
total	2617	0.11
total	2616	0.12
total	2615	0.12
total	2614	0.12
total	2613	0.12
total	2611	0.12
total	2610	0.12
total	2609	0.12
total	2608	0.12
total	2607	0.12
total	2606	0.12
total	2605	0.12
total	2604	0.12
total	2603	0.12
total	2601	0.12
total	2599	0.12
total	2598	0.12
total	2597	0.12
total	2596	0.12
total	2595	0.12
total	2594	0.12
total	2593	0.12
total	2592	0.12
total	2591	0.12
total	2590	0.12
total	2589	0.12
total	2588	0.12
total	2587	0.12
total	2586	0.12
total	2585	0.12
total	2584	0.12
total	2583	0.12
total	2582	0.13
total	2581	0.13
total	2580	0.13
total	2579	0.13
total	2578	0.13
total	2576	0.13
total	2575	0.13
total	2574	0.13
total	2573	0.13
total	2572	0.13
total	2571	0.13
total	2569	0.13
total	2567	0.13
total	2566	0.13
total	2565	0.13
total	2564	0.13
total	2563	0.13
total	2560	0.13
total	2556	0.13
total	2554	0.13
total	2553	0.13
total	2552	0.13
total	2551	0.13
total	2550	0.13
total	2549	0.13
total	2548	0.13
total	2547	0.13
total	2546	0.13
total	2544	0.13
total	2542	0.13
total	2539	0.14
total	2538	0.14
total	2536	0.14
total	2535	0.14
total	2534	0.14
total	2533	0.14
total	2532	0.14
total	2531	0.14
total	2530	0.14
total	2529	0.14
total	2525	0.14
total	2523	0.14
total	2521	0.14
total	2520	0.14
total	2518	0.14
total	2515	0.14
total	2514	0.14
total	2513	0.14
total	2512	0.14
total	2511	0.14
total	2510	0.14
total	2507	0.14
total	2506	0.14
total	2504	0.14
total	2503	0.14
total	2501	0.14
total	2499	0.14
total	2498	0.14
total	2497	0.14
total	2496	0.14
total	2495	0.14
total	2494	0.14
total	2492	0.15
total	2491	0.15
total	2490	0.15
total	2488	0.15
total	2487	0.15
total	2486	0.15
total	2485	0.15
total	2482	0.15
total	2480	0.15
total	2477	0.15
total	2476	0.15
total	2475	0.15
total	2474	0.15
total	2473	0.15
total	2472	0.15
total	2471	0.15
total	2470	0.15
total	2469	0.15
total	2468	0.15
total	2467	0.15
total	2466	0.15
total	2465	0.15
total	2464	0.15
total	2463	0.15
total	2461	0.15
total	2460	0.15
total	2459	0.15
total	2458	0.15
total	2456	0.15
total	2455	0.15
total	2454	0.15
total	2452	0.15
total	2451	0.15
total	2450	0.16
total	2448	0.16
total	2447	0.16
total	2446	0.16
total	2445	0.16
total	2444	0.16
total	2443	0.16
total	2442	0.16
total	2441	0.16
total	2440	0.16
total	2438	0.16
total	2437	0.16
total	2436	0.16
total	2435	0.16
total	2434	0.16
total	2433	0.16
total	2432	0.16
total	2431	0.16
total	2430	0.16
total	2429	0.16
total	2428	0.16
total	2427	0.16
total	2426	0.16
total	2425	0.16
total	2424	0.16
total	2423	0.16
total	2421	0.16
total	2419	0.16
total	2418	0.16
total	2417	0.16
total	2416	0.16
total	2415	0.16
total	2414	0.16
total	2413	0.16
total	2412	0.17
total	2411	0.17
total	2410	0.17
total	2409	0.17
total	2408	0.17
total	2407	0.17
total	2406	0.17
total	2405	0.17
total	2404	0.17
total	2403	0.17
total	2402	0.17
total	2401	0.17
total	2400	0.17
total	2399	0.17
total	2398	0.17
total	2397	0.17
total	2396	0.17
total	2395	0.17
total	2394	0.17
total	2393	0.17
total	2392	0.17
total	2391	0.17
total	2390	0.17
total	2388	0.17
total	2387	0.17
total	2386	0.18
total	2385	0.18
total	2384	0.18
total	2383	0.18
total	2382	0.18
total	2381	0.18
total	2380	0.18
total	2379	0.18
total	2378	0.18
total	2377	0.18
total	2376	0.18
total	2375	0.18
total	2374	0.18
total	2372	0.18
total	2371	0.18
total	2370	0.18
total	2369	0.18
total	2368	0.18
total	2367	0.18
total	2366	0.18
total	2365	0.18
total	2364	0.18
total	2363	0.18
total	2361	0.19
total	2360	0.19
total	2359	0.19
total	2358	0.19
total	2357	0.19
total	2356	0.19
total	2355	0.19
total	2354	0.19
total	2353	0.19
total	2352	0.19
total	2351	0.19
total	2350	0.19
total	2349	0.19
total	2348	0.19
total	2347	0.19
total	2346	0.19
total	2345	0.19
total	2344	0.19
total	2343	0.19
total	2342	0.19
total	2341	0.19
total	2340	0.19
total	2339	0.20
total	2337	0.20
total	2336	0.20
total	2335	0.20
total	2334	0.20
total	2333	0.20
total	2332	0.20
total	2331	0.20
total	2330	0.20
total	2328	0.20
total	2327	0.20
total	2326	0.20
total	2325	0.20
total	2324	0.20
total	2323	0.20
total	2322	0.20
total	2321	0.20
total	2320	0.21
total	2319	0.21
total	2318	0.21
total	2317	0.21
total	2316	0.21
total	2315	0.21
total	2314	0.21
total	2313	0.21
total	2312	0.21
total	2311	0.21
total	2310	0.21
total	2309	0.21
total	2308	0.21
total	2307	0.21
total	2306	0.21
total	2305	0.21
total	2304	0.21
total	2303	0.22
total	2302	0.22
total	2301	0.22
total	2300	0.22
total	2299	0.22
total	2298	0.22
total	2297	0.22
total	2296	0.22
total	2295	0.22
total	2294	0.22
total	2293	0.22
total	2292	0.22
total	2291	0.22
total	2290	0.22
total	2289	0.22
total	2288	0.22
total	2287	0.22
total	2286	0.22
total	2285	0.22
total	2284	0.23
total	2283	0.23
total	2282	0.23
total	2281	0.23
total	2280	0.23
total	2279	0.23
total	2278	0.23
total	2277	0.23
total	2276	0.23
total	2275	0.23
total	2274	0.23
total	2273	0.23
total	2272	0.23
total	2271	0.23
total	2270	0.23
total	2269	0.23
total	2268	0.23
total	2267	0.24
total	2266	0.24
total	2265	0.24
total	2264	0.24
total	2263	0.24
total	2262	0.24
total	2261	0.24
total	2260	0.24
total	2259	0.24
total	2258	0.24
total	2257	0.24
total	2256	0.24
total	2255	0.24
total	2254	0.24
total	2253	0.24
total	2252	0.24
total	2251	0.24
total	2250	0.25
total	2249	0.25
total	2248	0.25
total	2247	0.25
total	2246	0.25
total	2245	0.25
total	2244	0.25
total	2243	0.25
total	2241	0.25
total	2240	0.25
total	2239	0.25
total	2238	0.25
total	2237	0.25
total	2236	0.25
total	2235	0.25
total	2234	0.25
total	2233	0.25
total	2232	0.25
total	2231	0.25
total	2230	0.25
total	2229	0.25
total	2228	0.26
total	2227	0.26
total	2226	0.26
total	2225	0.26
total	2224	0.26
total	2223	0.26
total	2222	0.26
total	2221	0.26
total	2220	0.26
total	2219	0.26
total	2218	0.26
total	2217	0.26
total	2216	0.26
total	2215	0.26
total	2214	0.26
total	2213	0.26
total	2212	0.26
total	2211	0.26
total	2210	0.26
total	2209	0.26
total	2208	0.26
total	2207	0.27
total	2206	0.27
total	2205	0.27
total	2204	0.27
total	2203	0.27
total	2202	0.27
total	2201	0.27
total	2200	0.27
total	2199	0.27
total	2198	0.27
total	2197	0.27
total	2196	0.27
total	2195	0.27
total	2194	0.27
total	2193	0.27
total	2192	0.27
total	2191	0.28
total	2189	0.28
total	2188	0.28
total	2187	0.28
total	2186	0.28
total	2185	0.28
total	2184	0.28
total	2183	0.28
total	2182	0.28
total	2181	0.28
total	2180	0.28
total	2179	0.28
total	2178	0.28
total	2177	0.28
total	2176	0.28
total	2175	0.28
total	2174	0.29
total	2173	0.29
total	2172	0.29
total	2171	0.29
total	2170	0.29
total	2169	0.29
total	2168	0.29
total	2167	0.29
total	2166	0.29
total	2165	0.29
total	2164	0.29
total	2163	0.29
total	2162	0.29
total	2161	0.29
total	2160	0.29
total	2159	0.29
total	2158	0.30
total	2157	0.30
total	2156	0.30
total	2155	0.30
total	2154	0.30
total	2153	0.30
total	2152	0.30
total	2151	0.30
total	2150	0.30
total	2149	0.30
total	2148	0.30
total	2147	0.30
total	2146	0.30
total	2145	0.30
total	2144	0.30
total	2143	0.30
total	2142	0.30
total	2141	0.30
total	2140	0.31
total	2139	0.31
total	2138	0.31
total	2137	0.31
total	2136	0.31
total	2135	0.31
total	2134	0.31
total	2133	0.31
total	2132	0.31
total	2131	0.31
total	2130	0.31
total	2129	0.31
total	2128	0.31
total	2127	0.31
total	2126	0.31
total	2125	0.31
total	2124	0.31
total	2123	0.32
total	2122	0.32
total	2121	0.32
total	2120	0.32
total	2119	0.32
total	2118	0.32
total	2117	0.32
total	2115	0.32
total	2114	0.32
total	2113	0.32
total	2112	0.32
total	2111	0.32
total	2110	0.32
total	2109	0.33
total	2108	0.33
total	2107	0.33
total	2106	0.33
total	2105	0.33
total	2104	0.33
total	2103	0.33
total	2102	0.33
total	2101	0.33
total	2100	0.33
total	2099	0.33
total	2098	0.33
total	2097	0.33
total	2096	0.33
total	2095	0.33
total	2094	0.34
total	2093	0.34
total	2092	0.34
total	2091	0.34
total	2090	0.34
total	2089	0.34
total	2088	0.34
total	2087	0.34
total	2085	0.34
total	2084	0.34
total	2083	0.34
total	2082	0.34
total	2081	0.34
total	2080	0.35
total	2079	0.35
total	2078	0.35
total	2077	0.35
total	2076	0.35
total	2075	0.35
total	2074	0.35
total	2073	0.35
total	2072	0.35
total	2071	0.35
total	2070	0.35
total	2069	0.35
total	2068	0.35
total	2067	0.35
total	2066	0.35
total	2065	0.35
total	2064	0.35
total	2062	0.35
total	2061	0.36
total	2060	0.36
total	2059	0.36
total	2058	0.36
total	2057	0.36
total	2056	0.36
total	2055	0.36
total	2054	0.36
total	2053	0.36
total	2052	0.36
total	2051	0.36
total	2050	0.36
total	2049	0.36
total	2048	0.36
total	2047	0.36
total	2046	0.37
total	2045	0.37
total	2044	0.37
total	2043	0.37
total	2042	0.37
total	2041	0.37
total	2040	0.37
total	2039	0.37
total	2038	0.37
total	2037	0.37
total	2036	0.38
total	2035	0.38
total	2034	0.38
total	2033	0.38
total	2032	0.38
total	2031	0.38
total	2030	0.38
total	2029	0.38
total	2028	0.38
total	2027	0.38
total	2026	0.38
total	2025	0.38
total	2024	0.38
total	2023	0.39
total	2022	0.39
total	2021	0.39
total	2020	0.39
total	2019	0.39
total	2018	0.39
total	2017	0.39
total	2016	0.39
total	2015	0.39
total	2014	0.39
total	2013	0.39
total	2012	0.39
total	2011	0.39
total	2010	0.39
total	2009	0.40
total	2008	0.40
total	2007	0.40
total	2006	0.40
total	2005	0.40
total	2004	0.40
total	2003	0.40
total	2002	0.40
total	2001	0.40
total	2000	0.40
total	1999	0.40
total	1998	0.41
total	1996	0.41
total	1995	0.41
total	1994	0.41
total	1993	0.41
total	1992	0.41
total	1991	0.41
total	1990	0.41
total	1989	0.41
total	1988	0.41
total	1987	0.41
total	1986	0.41
total	1985	0.41
total	1984	0.41
total	1983	0.41
total	1982	0.42
total	1981	0.42
total	1980	0.42
total	1979	0.42
total	1978	0.42
total	1977	0.42
total	1976	0.42
total	1975	0.42
total	1974	0.42
total	1973	0.42
total	1972	0.42
total	1971	0.42
total	1970	0.42
total	1969	0.42
total	1968	0.42
total	1967	0.43
total	1966	0.43
total	1964	0.43
total	1963	0.43
total	1962	0.43
total	1961	0.43
total	1960	0.43
total	1959	0.43
total	1958	0.43
total	1957	0.43
total	1956	0.43
total	1955	0.43
total	1954	0.43
total	1953	0.43
total	1952	0.43
total	1951	0.43
total	1950	0.43
total	1949	0.43
total	1948	0.44
total	1947	0.44
total	1946	0.44
total	1945	0.44
total	1944	0.44
total	1943	0.44
total	1942	0.44
total	1941	0.44
total	1940	0.44
total	1939	0.44
total	1938	0.44
total	1937	0.44
total	1936	0.44
total	1935	0.44
total	1934	0.44
total	1933	0.44
total	1932	0.45
total	1931	0.45
total	1930	0.45
total	1929	0.45
total	1928	0.45
total	1927	0.45
total	1926	0.45
total	1925	0.45
total	1924	0.45
total	1923	0.45
total	1922	0.45
total	1921	0.45
total	1920	0.46
total	1919	0.46
total	1918	0.46
total	1917	0.46
total	1916	0.46
total	1915	0.46
total	1914	0.46
total	1913	0.46
total	1912	0.46
total	1911	0.46
total	1910	0.46
total	1909	0.46
total	1908	0.46
total	1907	0.46
total	1906	0.46
total	1905	0.47
total	1904	0.47
total	1903	0.47
total	1902	0.47
total	1901	0.47
total	1900	0.47
total	1899	0.47
total	1898	0.47
total	1897	0.47
total	1896	0.47
total	1895	0.47
total	1894	0.47
total	1893	0.47
total	1892	0.47
total	1891	0.47
total	1890	0.47
total	1889	0.48
total	1888	0.48
total	1887	0.48
total	1886	0.48
total	1885	0.48
total	1884	0.48
total	1883	0.48
total	1882	0.48
total	1881	0.48
total	1880	0.48
total	1879	0.48
total	1878	0.48
total	1877	0.48
total	1876	0.48
total	1875	0.49
total	1874	0.49
total	1873	0.49
total	1872	0.49
total	1871	0.49
total	1870	0.49
total	1869	0.49
total	1868	0.49
total	1867	0.49
total	1866	0.49
total	1865	0.49
total	1864	0.49
total	1863	0.49
total	1862	0.49
total	1861	0.50
total	1860	0.50
total	1859	0.50
total	1858	0.50
total	1857	0.50
total	1856	0.50
total	1855	0.50
total	1854	0.50
total	1853	0.50
total	1852	0.50
total	1851	0.50
total	1850	0.50
total	1849	0.50
total	1848	0.51
total	1847	0.51
total	1846	0.51
total	1845	0.51
total	1844	0.51
total	1843	0.51
total	1842	0.51
total	1841	0.51
total	1840	0.51
total	1839	0.51
total	1838	0.51
total	1837	0.51
total	1836	0.51
total	1834	0.51
total	1833	0.51
total	1832	0.52
total	1831	0.52
total	1830	0.52
total	1829	0.52
total	1828	0.52
total	1827	0.52
total	1826	0.52
total	1825	0.52
total	1824	0.52
total	1823	0.52
total	1822	0.52
total	1821	0.52
total	1820	0.52
total	1819	0.53
total	1818	0.53
total	1817	0.53
total	1816	0.53
total	1815	0.53
total	1814	0.53
total	1813	0.53
total	1812	0.53
total	1811	0.53
total	1810	0.53
total	1809	0.53
total	1808	0.53
total	1807	0.53
total	1806	0.53
total	1805	0.53
total	1804	0.53
total	1803	0.53
total	1802	0.53
total	1801	0.54
total	1800	0.54
total	1799	0.54
total	1798	0.54
total	1797	0.54
total	1796	0.54
total	1795	0.54
total	1794	0.54
total	1793	0.54
total	1792	0.54
total	1791	0.54
total	1790	0.54
total	1789	0.54
total	1788	0.54
total	1787	0.54
total	1786	0.54
total	1785	0.54
total	1784	0.55
total	1783	0.55
total	1782	0.55
total	1781	0.55
total	1780	0.55
total	1779	0.55
total	1778	0.55
total	1777	0.55
total	1776	0.55
total	1775	0.55
total	1774	0.55
total	1773	0.55
total	1772	0.55
total	1771	0.55
total	1770	0.55
total	1769	0.55
total	1768	0.55
total	1767	0.55
total	1766	0.55
total	1765	0.55
total	1764	0.56
total	1763	0.56
total	1762	0.56
total	1761	0.56
total	1760	0.56
total	1759	0.56
total	1758	0.56
total	1757	0.56
total	1756	0.56
total	1755	0.56
total	1754	0.56
total	1753	0.56
total	1752	0.56
total	1751	0.56
total	1750	0.56
total	1749	0.56
total	1748	0.57
total	1747	0.57
total	1746	0.57
total	1745	0.57
total	1744	0.57
total	1743	0.57
total	1742	0.57
total	1741	0.57
total	1740	0.57
total	1738	0.57
total	1737	0.57
total	1736	0.57
total	1735	0.57
total	1734	0.57
total	1733	0.57
total	1732	0.57
total	1730	0.57
total	1729	0.58
total	1728	0.58
total	1727	0.58
total	1726	0.58
total	1725	0.58
total	1724	0.58
total	1723	0.58
total	1722	0.58
total	1721	0.58
total	1720	0.58
total	1719	0.58
total	1718	0.58
total	1717	0.58
total	1716	0.58
total	1715	0.58
total	1714	0.58
total	1713	0.59
total	1712	0.59
total	1711	0.59
total	1710	0.59
total	1709	0.59
total	1708	0.59
total	1707	0.59
total	1706	0.59
total	1705	0.59
total	1704	0.59
total	1703	0.59
total	1702	0.59
total	1701	0.59
total	1700	0.59
total	1699	0.60
total	1698	0.60
total	1697	0.60
total	1696	0.60
total	1695	0.60
total	1694	0.60
total	1693	0.60
total	1692	0.60
total	1691	0.60
total	1690	0.60
total	1689	0.60
total	1688	0.60
total	1687	0.60
total	1686	0.60
total	1685	0.60
total	1684	0.61
total	1683	0.61
total	1682	0.61
total	1681	0.61
total	1680	0.61
total	1679	0.61
total	1678	0.61
total	1677	0.61
total	1676	0.61
total	1675	0.61
total	1674	0.61
total	1673	0.61
total	1672	0.61
total	1671	0.61
total	1670	0.61
total	1669	0.62
total	1668	0.62
total	1667	0.62
total	1666	0.62
total	1665	0.62
total	1664	0.62
total	1663	0.62
total	1662	0.62
total	1661	0.62
total	1660	0.62
total	1659	0.62
total	1658	0.62
total	1657	0.63
total	1656	0.63
total	1655	0.63
total	1654	0.63
total	1653	0.63
total	1652	0.63
total	1651	0.63
total	1650	0.63
total	1649	0.63
total	1648	0.63
total	1647	0.63
total	1646	0.63
total	1645	0.63
total	1644	0.63
total	1643	0.63
total	1642	0.63
total	1641	0.63
total	1640	0.63
total	1639	0.63
total	1638	0.64
total	1637	0.64
total	1636	0.64
total	1635	0.64
total	1634	0.64
total	1633	0.64
total	1631	0.64
total	1630	0.64
total	1629	0.64
total	1628	0.64
total	1627	0.64
total	1626	0.64
total	1625	0.64
total	1624	0.64
total	1623	0.64
total	1622	0.64
total	1621	0.64
total	1620	0.65
total	1619	0.65
total	1618	0.65
total	1617	0.65
total	1616	0.65
total	1615	0.65
total	1614	0.65
total	1613	0.65
total	1612	0.65
total	1611	0.65
total	1610	0.65
total	1609	0.65
total	1608	0.65
total	1607	0.65
total	1606	0.65
total	1605	0.65
total	1604	0.65
total	1603	0.66
total	1602	0.66
total	1601	0.66
total	1600	0.66
total	1599	0.66
total	1598	0.66
total	1597	0.66
total	1596	0.66
total	1595	0.66
total	1594	0.66
total	1593	0.66
total	1592	0.66
total	1591	0.66
total	1590	0.66
total	1589	0.66
total	1588	0.66
total	1587	0.66
total	1586	0.66
total	1585	0.67
total	1584	0.67
total	1583	0.67
total	1581	0.67
total	1580	0.67
total	1579	0.67
total	1578	0.67
total	1577	0.67
total	1576	0.67
total	1575	0.67
total	1574	0.67
total	1573	0.67
total	1572	0.67
total	1571	0.67
total	1570	0.67
total	1569	0.67
total	1568	0.67
total	1567	0.67
total	1566	0.67
total	1565	0.68
total	1564	0.68
total	1563	0.68
total	1562	0.68
total	1561	0.68
total	1560	0.68
total	1559	0.68
total	1558	0.68
total	1557	0.68
total	1556	0.68
total	1555	0.68
total	1554	0.68
total	1553	0.68
total	1552	0.68
total	1551	0.68
total	1550	0.68
total	1549	0.69
total	1548	0.69
total	1547	0.69
total	1546	0.69
total	1545	0.69
total	1544	0.69
total	1543	0.69
total	1542	0.69
total	1541	0.69
total	1540	0.69
total	1539	0.69
total	1538	0.69
total	1537	0.69
total	1536	0.70
total	1535	0.70
total	1534	0.70
total	1533	0.70
total	1532	0.70
total	1531	0.70
total	1530	0.70
total	1529	0.70
total	1528	0.70
total	1527	0.70
total	1526	0.70
total	1525	0.70
total	1524	0.70
total	1523	0.70
total	1522	0.70
total	1521	0.71
total	1520	0.71
total	1519	0.71
total	1517	0.71
total	1516	0.71
total	1515	0.71
total	1514	0.71
total	1513	0.71
total	1512	0.71
total	1511	0.71
total	1510	0.71
total	1509	0.71
total	1508	0.71
total	1507	0.71
total	1506	0.71
total	1505	0.71
total	1504	0.71
total	1503	0.71
total	1502	0.71
total	1501	0.72
total	1500	0.72
total	1499	0.72
total	1498	0.72
total	1497	0.72
total	1496	0.72
total	1495	0.72
total	1494	0.72
total	1493	0.72
total	1492	0.72
total	1491	0.72
total	1490	0.72
total	1489	0.72
total	1488	0.72
total	1487	0.72
total	1486	0.73
total	1485	0.73
total	1484	0.73
total	1483	0.73
total	1482	0.73
total	1481	0.73
total	1480	0.73
total	1479	0.73
total	1478	0.73
total	1477	0.73
total	1476	0.73
total	1475	0.73
total	1474	0.73
total	1473	0.73
total	1472	0.73
total	1471	0.73
total	1470	0.73
total	1469	0.73
total	1468	0.73
total	1467	0.74
total	1466	0.74
total	1465	0.74
total	1464	0.74
total	1463	0.74
total	1462	0.74
total	1461	0.74
total	1460	0.74
total	1459	0.74
total	1457	0.74
total	1455	0.74
total	1454	0.74
total	1453	0.74
total	1452	0.74
total	1451	0.74
total	1450	0.74
total	1449	0.74
total	1447	0.74
total	1445	0.74
total	1444	0.74
total	1443	0.74
total	1442	0.74
total	1440	0.74
total	1439	0.74
total	1438	0.74
total	1437	0.74
total	1436	0.75
total	1435	0.75
total	1434	0.75
total	1433	0.75
total	1432	0.75
total	1431	0.75
total	1430	0.75
total	1429	0.75
total	1428	0.75
total	1427	0.75
total	1426	0.75
total	1425	0.75
total	1424	0.75
total	1422	0.75
total	1421	0.75
total	1420	0.75
total	1419	0.75
total	1418	0.75
total	1417	0.75
total	1416	0.75
total	1415	0.76
total	1414	0.76
total	1413	0.76
total	1412	0.76
total	1411	0.76
total	1410	0.76
total	1409	0.76
total	1408	0.76
total	1407	0.76
total	1405	0.76
total	1404	0.76
total	1403	0.76
total	1401	0.76
total	1400	0.76
total	1399	0.76
total	1398	0.76
total	1397	0.76
total	1396	0.76
total	1395	0.76
total	1393	0.76
total	1392	0.76
total	1391	0.76
total	1390	0.76
total	1389	0.76
total	1388	0.76
total	1387	0.76
total	1386	0.76
total	1385	0.76
total	1384	0.77
total	1383	0.77
total	1382	0.77
total	1381	0.77
total	1380	0.77
total	1379	0.77
total	1378	0.77
total	1377	0.77
total	1376	0.77
total	1375	0.77
total	1374	0.77
total	1373	0.77
total	1372	0.77
total	1371	0.77
total	1370	0.77
total	1369	0.77
total	1368	0.77
total	1367	0.77
total	1366	0.77
total	1365	0.77
total	1364	0.77
total	1363	0.77
total	1362	0.77
total	1360	0.77
total	1359	0.77
total	1358	0.78
total	1357	0.78
total	1356	0.78
total	1355	0.78
total	1354	0.78
total	1353	0.78
total	1350	0.78
total	1349	0.78
total	1348	0.78
total	1347	0.78
total	1346	0.78
total	1345	0.78
total	1344	0.78
total	1343	0.78
total	1341	0.78
total	1340	0.78
total	1339	0.78
total	1337	0.78
total	1336	0.78
total	1335	0.78
total	1334	0.79
total	1333	0.79
total	1332	0.79
total	1331	0.79
total	1330	0.79
total	1329	0.79
total	1328	0.79
total	1327	0.79
total	1326	0.79
total	1325	0.79
total	1324	0.79
total	1323	0.79
total	1320	0.79
total	1319	0.79
total	1318	0.79
total	1317	0.79
total	1316	0.79
total	1314	0.79
total	1312	0.79
total	1311	0.79
total	1310	0.79
total	1309	0.79
total	1308	0.79
total	1306	0.79
total	1305	0.79
total	1304	0.79
total	1303	0.79
total	1302	0.79
total	1301	0.80
total	1300	0.80
total	1299	0.80
total	1298	0.80
total	1296	0.80
total	1295	0.80
total	1294	0.80
total	1293	0.80
total	1292	0.80
total	1291	0.80
total	1290	0.80
total	1289	0.80
total	1288	0.80
total	1287	0.80
total	1286	0.80
total	1285	0.80
total	1284	0.80
total	1283	0.80
total	1280	0.80
total	1279	0.80
total	1278	0.80
total	1277	0.80
total	1276	0.80
total	1275	0.80
total	1274	0.80
total	1273	0.80
total	1272	0.80
total	1271	0.80
total	1270	0.81
total	1269	0.81
total	1268	0.81
total	1267	0.81
total	1266	0.81
total	1265	0.81
total	1264	0.81
total	1263	0.81
total	1262	0.81
total	1261	0.81
total	1259	0.81
total	1258	0.81
total	1257	0.81
total	1256	0.81
total	1255	0.81
total	1253	0.81
total	1252	0.81
total	1251	0.81
total	1250	0.81
total	1249	0.81
total	1248	0.81
total	1247	0.81
total	1246	0.81
total	1245	0.81
total	1244	0.81
total	1243	0.81
total	1241	0.82
total	1239	0.82
total	1237	0.82
total	1236	0.82
total	1235	0.82
total	1234	0.82
total	1233	0.82
total	1231	0.82
total	1230	0.82
total	1229	0.82
total	1228	0.82
total	1227	0.82
total	1226	0.82
total	1224	0.82
total	1223	0.82
total	1220	0.82
total	1219	0.82
total	1218	0.82
total	1216	0.82
total	1215	0.82
total	1214	0.82
total	1213	0.82
total	1211	0.82
total	1210	0.82
total	1209	0.82
total	1208	0.82
total	1207	0.82
total	1206	0.82
total	1204	0.82
total	1203	0.82
total	1202	0.82
total	1201	0.82
total	1198	0.82
total	1194	0.82
total	1192	0.83
total	1191	0.83
total	1187	0.83
total	1184	0.83
total	1183	0.83
total	1181	0.83
total	1179	0.83
total	1177	0.83
total	1175	0.83
total	1174	0.83
total	1173	0.83
total	1171	0.83
total	1170	0.83
total	1166	0.83
total	1164	0.83
total	1162	0.83
total	1161	0.83
total	1160	0.83
total	1158	0.83
total	1156	0.83
total	1154	0.83
total	1153	0.83
total	1152	0.83
total	1151	0.83
total	1149	0.83
total	1146	0.83
total	1143	0.83
total	1142	0.83
total	1139	0.83
total	1137	0.83
total	1136	0.83
total	1134	0.83
total	1133	0.83
total	1130	0.83
total	1129	0.83
total	1128	0.83
total	1127	0.83
total	1126	0.83
total	1124	0.83
total	1121	0.83
total	1120	0.83
total	1119	0.83
total	1116	0.83
total	1111	0.83
total	1107	0.83
total	1105	0.83
total	1103	0.83
total	1089	0.83
total	1084	0.83
total	1083	0.84
total	1081	0.84
total	1073	0.84
total	1068	0.84
total	1066	0.84
total	1064	0.84
total	1062	0.84
total	1059	0.84
total	1053	0.84
total	1049	0.84
total	1044	0.84
total	1040	0.84
total	1039	0.84
total	1037	0.84
total	1032	0.84
total	1031	0.84
total	1029	0.84
total	1028	0.84
total	1016	0.84
total	1015	0.84
total	1014	0.84
total	1012	0.84
total	1010	0.84
total	1008	0.84
total	1007	0.84
total	1004	0.84
total	1002	0.84
total	998	0.84
total	994	0.84
total	987	0.84
total	985	0.84
total	984	0.84
total	982	0.84
total	981	0.84
total	972	0.84
total	949	0.84
total	943	0.84
total	942	0.84
total	939	0.84
total	919	0.84
total	905	0.84
total	903	0.84
total	900	0.84
total	896	0.84
total	889	0.84
total	886	0.84
total	885	0.84
total	884	0.84
total	872	0.84
total	869	0.84
total	867	0.84
total	864	0.84
total	861	0.84
total	843	0.84
total	828	0.84
total	803	0.84
total	794	0.84
total	772	0.84
total	766	0.85
total	737	0.85
total	729	0.85
total	720	0.85
total	718	0.85
total	712	0.85
total	707	0.85
total	703	0.85
total	700	0.85
total	696	0.85
total	691	0.85
total	687	0.85
total	677	0.85
total	673	0.85
total	671	0.85
total	669	0.85
total	664	0.85
total	653	0.85
total	649	0.85
total	643	0.85
total	642	0.85
total	641	0.85
total	639	0.85
total	633	0.85
total	630	0.85
total	628	0.85
total	625	0.85
total	620	0.85
total	613	0.85
total	611	0.85
total	608	0.85
total	600	0.85
total	599	0.85
total	597	0.85
total	592	0.85
total	588	0.85
total	585	0.85
total	580	0.85
total	558	0.85
total	535	0.85
total	534	0.85
total	522	0.85
total	517	0.85
total	515	0.85
total	504	0.85
total	483	0.85
total	452	0.85
total	451	0.85
total	448	0.85
total	447	0.86
total	445	0.86
total	444	0.86
total	443	0.86
total	441	0.86
total	440	0.86
total	439	0.86
total	438	0.86
total	436	0.86
total	435	0.86
total	434	0.86
total	433	0.86
total	432	0.86
total	431	0.86
total	430	0.86
total	429	0.86
total	428	0.86
total	427	0.86
total	426	0.86
total	425	0.86
total	424	0.86
total	423	0.86
total	422	0.86
total	421	0.86
total	420	0.87
total	419	0.87
total	417	0.87
total	416	0.87
total	415	0.87
total	414	0.87
total	413	0.87
total	412	0.87
total	410	0.87
total	408	0.87
total	407	0.87
total	406	0.87
total	405	0.87
total	404	0.87
total	403	0.87
total	402	0.87
total	401	0.88
total	400	0.88
total	399	0.88
total	398	0.88
total	397	0.88
total	396	0.88
total	395	0.88
total	394	0.88
total	393	0.88
total	392	0.88
total	391	0.88
total	390	0.88
total	389	0.88
total	388	0.88
total	387	0.88
total	386	0.88
total	385	0.89
total	384	0.89
total	383	0.89
total	382	0.89
total	381	0.89
total	380	0.89
total	379	0.89
total	378	0.89
total	377	0.89
total	376	0.89
total	375	0.89
total	374	0.89
total	373	0.89
total	372	0.89
total	371	0.89
total	370	0.89
total	369	0.89
total	368	0.89
total	367	0.90
total	366	0.90
total	365	0.90
total	364	0.90
total	363	0.90
total	362	0.90
total	361	0.90
total	360	0.90
total	359	0.90
total	358	0.90
total	357	0.90
total	356	0.90
total	355	0.90
total	354	0.90
total	353	0.90
total	352	0.90
total	351	0.90
total	350	0.90
total	349	0.90
total	348	0.90
total	347	0.90
total	346	0.90
total	345	0.90
total	344	0.91
total	343	0.91
total	341	0.91
total	340	0.91
total	339	0.91
total	338	0.91
total	337	0.91
total	336	0.91
total	335	0.91
total	334	0.91
total	333	0.91
total	332	0.91
total	331	0.91
total	330	0.91
total	329	0.91
total	328	0.91
total	327	0.91
total	326	0.91
total	324	0.91
total	322	0.91
total	321	0.91
total	320	0.91
total	318	0.91
total	317	0.91
total	316	0.92
total	315	0.92
total	314	0.92
total	312	0.92
total	309	0.92
total	308	0.92
total	306	0.92
total	304	0.92
total	302	0.92
total	301	0.92
total	300	0.92
total	299	0.92
total	298	0.92
total	297	0.92
total	296	0.92
total	295	0.92
total	294	0.92
total	293	0.92
total	292	0.92
total	291	0.92
total	290	0.92
total	289	0.92
total	288	0.92
total	287	0.92
total	286	0.92
total	285	0.92
total	284	0.92
total	283	0.92
total	282	0.92
total	281	0.92
total	280	0.92
total	279	0.92
total	278	0.92
total	277	0.93
total	276	0.93
total	275	0.93
total	274	0.93
total	273	0.93
total	272	0.93
total	271	0.93
total	270	0.93
total	269	0.93
total	268	0.93
total	267	0.93
total	266	0.93
total	265	0.93
total	264	0.93
total	263	0.93
total	262	0.93
total	261	0.93
total	260	0.93
total	259	0.93
total	258	0.93
total	257	0.93
total	256	0.93
total	255	0.93
total	254	0.93
total	253	0.93
total	252	0.93
total	251	0.93
total	250	0.93
total	249	0.93
total	248	0.93
total	247	0.93
total	246	0.93
total	245	0.93
total	244	0.93
total	243	0.93
total	242	0.93
total	241	0.93
total	240	0.93
total	239	0.94
total	238	0.94
total	237	0.94
total	236	0.94
total	235	0.94
total	234	0.94
total	233	0.94
total	232	0.94
total	231	0.94
total	230	0.94
total	229	0.94
total	228	0.94
total	227	0.94
total	226	0.94
total	225	0.94
total	224	0.94
total	223	0.94
total	222	0.94
total	221	0.94
total	220	0.94
total	219	0.94
total	218	0.94
total	217	0.94
total	216	0.94
total	215	0.94
total	214	0.94
total	213	0.94
total	212	0.94
total	211	0.94
total	210	0.94
total	209	0.94
total	208	0.94
total	207	0.94
total	206	0.94
total	205	0.94
total	204	0.94
total	203	0.94
total	202	0.94
total	201	0.94
total	200	0.94
total	199	0.94
total	198	0.94
total	197	0.94
total	196	0.94
total	195	0.94
total	194	0.94
total	193	0.94
total	192	0.94
total	191	0.94
total	190	0.94
total	189	0.94
total	188	0.94
total	187	0.94
total	186	0.94
total	185	0.94
total	184	0.94
total	183	0.94
total	182	0.94
total	181	0.94
total	180	0.95
total	179	0.95
total	178	0.95
total	177	0.95
total	176	0.95
total	175	0.95
total	174	0.95
total	173	0.95
total	172	0.95
total	171	0.95
total	170	0.95
total	169	0.95
total	168	0.95
total	167	0.95
total	166	0.95
total	165	0.95
total	164	0.95
total	163	0.95
total	162	0.95
total	161	0.95
total	160	0.95
total	159	0.95
total	158	0.95
total	157	0.95
total	156	0.95
total	155	0.95
total	154	0.95
total	153	0.95
total	152	0.95
total	151	0.95
total	150	0.95
total	149	0.95
total	148	0.95
total	147	0.95
total	146	0.95
total	145	0.95
total	144	0.95
total	143	0.95
total	142	0.95
total	141	0.95
total	140	0.95
total	139	0.95
total	138	0.95
total	137	0.95
total	136	0.95
total	135	0.95
total	134	0.95
total	133	0.95
total	132	0.95
total	131	0.95
total	130	0.95
total	129	0.95
total	128	0.95
total	127	0.95
total	126	0.95
total	125	0.95
total	124	0.95
total	123	0.95
total	122	0.95
total	121	0.95
total	120	0.95
total	119	0.95
total	118	0.95
total	117	0.95
total	116	0.95
total	115	0.95
total	114	0.95
total	113	0.95
total	112	0.95
total	111	0.95
total	110	0.95
total	109	0.95
total	108	0.95
total	107	0.95
total	106	0.95
total	105	0.95
total	104	0.95
total	103	0.95
total	102	0.95
total	101	0.95
total	100	0.95
total	99	0.95
total	98	0.95
total	97	0.95
total	96	0.95
total	95	0.95
total	94	0.95
total	93	0.95
total	92	0.95
total	91	0.95
total	90	0.95
total	89	0.95
total	88	0.95
total	87	0.95
total	86	0.95
total	85	0.95
total	84	0.95
total	83	0.95
total	82	0.95
total	81	0.95
total	80	0.95
total	79	0.95
total	78	0.95
total	77	0.95
total	76	0.96
total	75	0.96
total	74	0.96
total	73	0.96
total	72	0.96
total	71	0.96
total	70	0.96
total	69	0.96
total	68	0.96
total	67	0.96
total	66	0.96
total	65	0.96
total	64	0.96
total	63	0.96
total	62	0.96
total	61	0.96
total	60	0.96
total	59	0.96
total	58	0.96
total	57	0.96
total	56	0.96
total	55	0.96
total	54	0.96
total	53	0.96
total	52	0.96
total	51	0.96
total	50	0.96
total	49	0.96
total	48	0.96
total	47	0.96
total	46	0.96
total	45	0.96
total	44	0.96
total	43	0.96
total	42	0.96
total	41	0.96
total	40	0.96
total	39	0.96
total	38	0.96
total	37	0.96
total	36	0.96
total	35	0.96
total	34	0.97
total	33	0.97
total	32	0.97
total	31	0.97
total	30	0.97
total	29	0.97
total	28	0.97
total	27	0.97
total	26	0.97
total	25	0.97
total	24	0.97
total	23	0.97
total	22	0.97
total	21	0.97
total	20	0.97
total	19	0.97
total	18	0.97
total	17	0.97
total	16	0.97
total	15	0.97
total	14	0.97
total	13	0.97
total	12	0.97
total	11	0.98
total	10	0.98
total	9	0.98
total	8	0.98
total	7	0.98
total	6	0.98
total	5	0.98
total	4	0.98
total	3	0.98
total	2	0.98
total	1	0.99
total	0	1.00
